1 1
2 3
3 6
4 10
5 15
6 21
7 29
8 37
9 47
10 57
11 69
12 82
13 96
14 111
15 127
16 145
17 164
18 186
19 209
20 232
21 255
22 279
23 308
24 345
25 375
26 405
27 439
28 473
29 507
30 545
31 590
32 632
33 676
34 723
35 768
36 815
37 861
38 907
39 961
40 1023
41 1077
42 1126
43 1175
44 1226
45 1295
46 1369
47 1442
48 1516
49 1590
50 1671
51 1744
52 1818
53 1897
54 1975
55 2054
56 2138
57 2224
58 2322
59 2417
60 2514
61 2609
62 2704
63 2800
64 2895
65 2985
66 3084
67 3183
68 3281
69 3379
70 3494
71 3594
72 3696
73 3792
74 3895
75 4020
76 4123
77 4229
78 4337
79 4490
80 4618
81 4740
82 4871
83 4994
84 5126
85 5264
86 5415
87 5553
88 5719
89 5922
90 6138
91 6369
92 6608
93 6861
94 7133
95 7404
96 7646
97 7906
98 8181
99 8460
100 8712
